000000000000000000000000000000
000000000000000000000000000000
000000000000000000000000000000
000000000000000000000000000000
000000000000000000000000000000
000000000000000000000000000000
000000000000000000000000000000
000000000000000000000000000000
000000000000000000000000000000
000000000000000000000000000000
000000000000000000000000000000
000000000000000000000000000000
000000000000000000000000000000
000000000000000000000000000000
000000000000000000000000000000
000000000000000000000000000000
000000000000000000000000000000
000000000000000000000000000000
000000000000000000000000000000
000000000000000000000000000000
000000000000000000000000000000
000000000000000000000000000000
000000000000000000000000000000
000000000000000000000000000000
000000000000000000000000000000
000000000000000000000000000000
000000000000000000000000000000
000000000000002220000000000000
000000000000002222200000000000
000000000000002222202000000000
000000000000002222222000000000
000000000000000222220000000000
000000000000000002200000002000
000000000000000000000000022220
000000000000000000000000220220
000000000000000000000000202222
000000000000000000000000222022
000000000000000000000000002222
000000000000000000000000000020
000000000000000000000000000000
