000000000000000000000000000000
000000000000000000000000000000
000000000000000000000000000000
000000000000000000000000000000
000000000000000000000000000000
000000000000000000000000000000
000000000000000000000000000000
000000000000000000000000000000
000000000000000000000000000000
000000000000000000000222222222
000000000000000000000222222222
000000000000000000002222202022
000000000000000000002222222222
000000000000000000002222222222
000000000000000000022222222222
000000000000000000000000000000
000000000000000000000000000000
000000000000000000000000000000
000000000000000000000000000000
000000000000000000000000000000
000000000000000000000000000000
000000000000000000000000000000
222222200000000000000000000000
220222200000000000000000000000
022222200000000000000000000000
022222200000000000000000000000
022202200000000000000000000000
002222200000000000000000000000
022222200000000000000000000000
222222200000000000000000000000
202222200000000000000000000000
222222000000000000000000000000
000000000000000000000000000000
000000000000000000000000000000
000000000000000000000000000000
000000000000000000000000000000
000000000000000000000000000000
000000000000000000000000000000
000000000000000000000000000000
000000000000000000000000000000
